0.0 4720.0 244.0 0.0 0.0 1209.8821 -0.039945453 0.32076365 0.9571745
29.0 4721.0 251.0 4.0 0.0 1209.8821 -0.039945453 0.3517091 1.0
53.0 4719.0 217.0 7.0 0.0 1209.8821 -0.039945453 0.28981817 0.8799188
78.0 4722.0 215.0 10.0 0.0 1209.8821 -0.039945453 0.38265455 0.8887764
99.0 4718.0 193.0 12.0 0.0 1209.8821 -0.039945453 0.25887275 0.807858
140.0 4723.0 188.0 17.0 0.0 1209.8821 -0.039945453 0.4136 0.8102643
164.0 4717.0 176.0 19.0 0.0 1209.8821 -0.039945453 0.22792727 0.76572394
211.0 4724.0 154.0 23.0 0.0 1209.8821 -0.039945453 0.44454545 0.69726276
245.0 4716.0 146.0 25.0 0.0 1209.8821 -0.039945453 0.19698182 0.67385405
310.0 4725.0 123.0 28.0 0.0 1209.8821 -0.039945453 0.4754909 0.5955677
345.0 4715.0 124.0 33.0 0.0 1209.8821 -0.039945453 0.16603637 0.6176199
359.0 4480.0 109.0 30.0 0.0 1337.1068 -0.26445454 0.3248909 0.5514974
384.0 4661.0 103.0 31.0 0.0 1965.4099 -0.12127272 0.34809092 0.5328178
393.0 4726.0 109.0 34.0 0.0 1209.8821 -0.039945453 0.5064364 0.5624078
398.0 4659.0 106.0 34.0 0.0 1965.4099 -0.12127272 0.28620002 0.54998654
413.0 4714.0 94.0 31.0 0.0 1209.8821 -0.039945453 0.13509092 0.4922967
418.0 4477.0 100.0 34.0 0.0 1337.1068 -0.26445454 0.23205455 0.5310826
432.0 4658.0 105.0 37.0 0.0 1965.4099 -0.12127272 0.25525454 0.5589602
433.0 4482.0 93.0 34.0 0.0 1337.1068 -0.26445454 0.3867818 0.50249773
435.0 4662.0 75.0 27.0 0.0 1965.4099 -0.12127272 0.37903637 0.40213066
443.0 4660.0 100.0 37.0 0.0 1965.4099 -0.12127272 0.31714544 0.54068375
448.0 4478.0 97.0 36.0 0.0 1337.1068 -0.26445454 0.26299998 0.52708656
459.0 4657.0 88.0 34.0 0.0 1965.4099 -0.12127272 0.2243091 0.48229036
471.0 4479.0 93.0 37.0 0.0 1337.1068 -0.26445454 0.29394546 0.5164437
473.0 4481.0 92.0 37.0 0.0 1337.1068 -0.26445454 0.35583636 0.5101619
501.0 4727.0 81.0 35.0 0.0 1209.8821 -0.039945453 0.5374 0.4609794
509.0 4483.0 66.0 30.0 0.0 1337.1068 -0.26445454 0.41772726 0.38042697
512.0 4960.0 82.0 37.0 0.0 1077.3745 0.1837091 0.32912728 0.47189996
513.0 4656.0 88.0 40.0 0.0 1965.4099 -0.12127272 0.19336364 0.50615954
524.0 4540.0 93.0 44.0 0.0 536.23145 -0.18374544 0.3238 0.540707
530.0 4959.0 82.0 39.0 0.0 1077.3745 0.1837091 0.29818183 0.47868395
533.0 4663.0 63.0 30.0 0.0 1965.4099 -0.12127272 0.40998182 0.36853507
542.0 4655.0 62.0 31.0 0.0 1965.4099 -0.12127272 0.16241819 0.3699774
543.0 4539.0 85.0 42.0 0.0 536.23145 -0.18374544 0.29285455 0.501294
546.0 4541.0 83.0 41.0 0.0 536.23145 -0.18374544 0.35474545 0.49149132
561.0 4958.0 74.0 39.0 0.0 1077.3745 0.1837091 0.26723635 0.4482761
568.0 4898.0 92.0 49.0 0.0 1864.4258 0.098654546 0.30385453 0.5589592
569.0 4484.0 53.0 28.0 0.0 1337.1068 -0.26445454 0.44867274 0.32294974
572.0 4961.0 76.0 41.0 0.0 1077.3745 0.1837091 0.3600727 0.4624551
573.0 4899.0 89.0 48.0 0.0 1864.4258 0.098654546 0.3348 0.54052377
587.0 4897.0 86.0 48.0 0.0 1864.4258 0.098654546 0.2729091 0.5287745
589.0 4895.0 80.0 45.0 0.0 1864.4258 0.098654546 0.21101817 0.4938787
594.0 4962.0 62.0 35.0 0.0 1077.3745 0.1837091 0.39101818 0.3827259
599.0 4476.0 69.0 39.0 0.0 1337.1068 -0.26445454 0.2011091 0.4279814
599.0 4538.0 83.0 48.0 0.0 536.23145 -0.18374544 0.2619091 0.5204489
600.0 4542.0 72.0 42.0 0.0 536.23145 -0.18374544 0.38569093 0.44736025
600.0 4713.0 65.0 38.0 0.0 1209.8821 -0.039945453 0.10414545 0.40611377
607.0 4475.0 57.0 34.0 0.0 1337.1068 -0.26445454 0.17016363 0.359579
609.0 4900.0 81.0 48.0 0.0 1864.4258 0.098654546 0.36574546 0.5109659
610.0 4474.0 45.0 27.0 0.0 1337.1068 -0.26445454 0.13921818 0.28482905
619.0 4486.0 53.0 32.0 0.0 1337.1068 -0.26445454 0.51058185 0.33738837
619.0 4896.0 89.0 55.0 0.0 1864.4258 0.098654546 0.24196364 0.56903595
650.0 4963.0 55.0 36.0 0.0 1077.3745 0.1837091 0.42196363 0.36037427
651.0 4728.0 74.0 49.0 0.0 1209.8821 -0.039945453 0.5683454 0.4841932
651.0 4537.0 79.0 53.0 0.0 536.23145 -0.18374544 0.23096363 0.52046335
654.0 4664.0 53.0 35.0 0.0 1965.4099 -0.12127272 0.44092727 0.34730247
656.0 4957.0 74.0 50.0 0.0 1077.3745 0.1837091 0.23629092 0.48830262
658.0 4781.0 59.0 40.0 0.0 397.33057 0.040200002 0.36052725 0.39154646
661.0 4536.0 72.0 49.0 0.0 536.23145 -0.18374544 0.20001818 0.47810632
688.0 4780.0 56.0 41.0 0.0 397.33057 0.040200002 0.32958183 0.3832724
690.0 4777.0 60.0 44.0 0.0 397.33057 0.040200002 0.23674546 0.41149762
693.0 4712.0 55.0 40.0 0.0 1209.8821 -0.039945453 0.073181815 0.37935996
695.0 4779.0 64.0 47.0 0.0 397.33057 0.040200002 0.29863638 0.43848643
700.0 4956.0 53.0 39.0 0.0 1077.3745 0.1837091 0.20534545 0.3651928
704.0 4543.0 60.0 46.0 0.0 536.23145 -0.18374544 0.41663635 0.42013618
715.0 4666.0 39.0 30.0 0.0 1965.4099 -0.12127272 0.50281817 0.27449054
722.0 4894.0 62.0 49.0 0.0 1864.4258 0.098654546 0.18007272 0.4386899
741.0 4778.0 55.0 45.0 0.0 397.33057 0.040200002 0.2676909 0.39589575
752.0 4711.0 34.0 29.0 0.0 1209.8821 -0.039945453 0.04223636 0.25023204
753.0 4955.0 53.0 45.0 0.0 1077.3745 0.1837091 0.1744 0.38949093
759.0 4534.0 38.0 33.0 0.0 536.23145 -0.18374544 0.13812728 0.27977863
764.0 4776.0 55.0 48.0 0.0 397.33057 0.040200002 0.20580001 0.40693864
791.0 4893.0 47.0 44.0 0.0 1864.4258 0.098654546 0.14912726 0.3627989
798.0 4954.0 39.0 38.0 0.0 1077.3745 0.1837091 0.14345455 0.3049691
799.0 4654.0 49.0 48.0 0.0 1965.4099 -0.12127272 0.13147272 0.3845724
801.0 4535.0 49.0 47.0 0.0 536.23145 -0.18374544 0.16907272 0.37745938
809.0 4775.0 47.0 46.0 0.0 397.33057 0.040200002 0.17485455 0.37083468
815.0 4485.0 41.0 40.0 0.0 1337.1068 -0.26445454 0.47963634 0.32218057
827.0 4783.0 35.0 36.0 0.0 397.33057 0.040200002 0.42241818 0.2816499
833.0 4665.0 43.0 44.0 0.0 1965.4099 -0.12127272 0.47187272 0.34594342
833.0 4966.0 31.0 32.0 0.0 1077.3745 0.1837091 0.5148182 0.2493933
837.0 4729.0 42.0 44.0 0.0 1209.8821 -0.039945453 0.5992909 0.34289885
839.0 4710.0 33.0 34.0 0.0 1209.8821 -0.039945453 0.011290909 0.26671106
855.0 4903.0 33.0 36.0 0.0 1864.4258 0.098654546 0.45858184 0.27537203
855.0 4902.0 45.0 50.0 0.0 1864.4258 0.098654546 0.42763636 0.37481123
870.0 4730.0 39.0 45.0 0.0 1209.8821 -0.039945453 0.6302364 0.33510956
871.0 4901.0 46.0 53.0 0.0 1864.4258 0.098654546 0.3966909 0.39132187
882.0 4905.0 32.0 38.0 0.0 1864.4258 0.098654546 0.52047276 0.27541065
892.0 4667.0 35.0 43.0 0.0 1965.4099 -0.12127272 0.53378177 0.3117078
913.0 4544.0 40.0 51.0 0.0 536.23145 -0.18374544 0.44758183 0.3610681
952.0 4890.0 11.0 16.0 0.0 1864.4258 0.098654546 0.05627273 0.11094207
953.0 4784.0 22.0 31.0 0.0 397.33057 0.040200002 0.45336366 0.21374163
956.0 4545.0 35.0 49.0 0.0 536.23145 -0.18374544 0.47852728 0.3322781
976.0 4952.0 25.0 37.0 0.0 1077.3745 0.1837091 0.08156364 0.24830097
1012.0 4904.0 26.0 43.0 0.0 1864.4258 0.098654546 0.48952726 0.27620238
1017.0 4891.0 27.0 44.0 0.0 1864.4258 0.098654546 0.08721819 0.28276008
1033.0 4837.0 22.0 39.0 0.0 2558.7544 0.021581817 0.23252727 0.24449839
1049.0 4472.0 24.0 44.0 0.0 1337.1068 -0.26445454 0.077327274 0.26834247
1054.0 4708.0 12.0 23.0 0.0 1209.8821 -0.039945453 -0.0506 0.14130771
1061.0 4967.0 24.0 45.0 0.0 1077.3745 0.1837091 0.5457637 0.2715514
1084.0 4732.0 14.0 29.0 0.0 1209.8821 -0.039945453 0.6921273 0.17394717
1100.0 4950.0 21.0 44.0 0.0 1077.3745 0.1837091 0.019654546 0.25895244
1101.0 4906.0 19.0 39.0 0.0 1864.4258 0.098654546 0.55143636 0.23093231
1124.0 4547.0 17.0 37.0 0.0 536.23145 -0.18374544 0.5404363 0.21555105
1142.0 4774.0 19.0 46.0 0.0 397.33057 0.040200002 0.1439091 0.2594982
1149.0 4297.0 23.0 57.0 0.0 674.01965 -0.40743637 0.23267274 0.31675872
1155.0 4839.0 21.0 51.0 0.0 2558.7544 0.021581817 0.29441816 0.28515118
1168.0 4964.0 12.0 31.0 0.0 1077.3745 0.1837091 0.4529091 0.17352176
1176.0 4782.0 22.0 58.0 0.0 397.33057 0.040200002 0.39147273 0.31883392
1209.0 4786.0 18.0 51.0 0.0 397.33057 0.040200002 0.51525456 0.27339208
1218.0 4473.0 20.0 62.0 0.0 1337.1068 -0.26445454 0.108272724 0.32555524
1219.0 4841.0 3.0 11.0 0.0 2558.7544 0.021581817 0.3563091 0.062125493
1263.0 4299.0 11.0 39.0 0.0 674.01965 -0.40743637 0.29456362 0.2006649
1282.0 4787.0 13.0 49.0 0.0 397.33057 0.040200002 0.5462182 0.24484871
1288.0 4969.0 5.0 21.0 0.0 1077.3745 0.1837091 0.6076545 0.10603374
1329.0 4838.0 12.0 56.0 0.0 2558.7544 0.021581817 0.26347274 0.26975012
1330.0 5198.0 8.0 38.0 0.0 943.1564 0.40832728 0.25387272 0.18380868
1348.0 4785.0 9.0 46.0 0.0 397.33057 0.040200002 0.48430908 0.222733
1355.0 4422.0 9.0 46.0 0.0 2086.735 -0.34541818 0.38581818 0.22145924
1356.0 5075.0 7.0 39.0 0.0 2417.666 0.24005455 0.17134546 0.18509138
1359.0 4598.0 7.0 35.0 0.0 2671.1472 -0.20274545 0.2601818 0.16793917
1367.0 4888.0 5.0 30.0 0.0 1864.4258 0.098654546 -0.0056181815 0.14294834
1377.0 5138.0 6.0 36.0 0.0 1720.6782 0.31721818 0.2823818 0.16788505
1386.0 4835.0 7.0 45.0 0.0 2558.7544 0.021581817 0.17063636 0.20872854
1419.0 4548.0 7.0 48.0 0.0 536.23145 -0.18374544 0.5713818 0.22044086
1437.0 4908.0 5.0 40.0 0.0 1864.4258 0.098654546 0.61332726 0.1803738
1475.0 4300.0 4.0 44.0 0.0 674.01965 -0.40743637 0.3255091 0.1933699
1480.0 4531.0 3.0 36.0 0.0 536.23145 -0.18374544 0.045272727 0.1568732
1506.0 5197.0 3.0 39.0 0.0 943.1564 0.40832728 0.22292727 0.16933091
1515.0 5199.0 3.0 51.0 0.0 943.1564 0.40832728 0.28481817 0.2190364
1552.0 4419.0 1.0 28.0 0.0 2086.735 -0.34541818 0.2926182 0.118146636
1581.0 4417.0 1.0 69.0 0.0 2086.735 -0.34541818 0.23072727 0.2783836
1591.0 4424.0 0.0 26.0 0.0 2086.735 -0.34541818 0.4477091 0.10693416
1605.0 4418.0 0.0 17.0 0.0 2086.735 -0.34541818 0.26167274 0.06896213
1639.0 5200.0 0.0 53.0 0.0 943.1564 0.40832728 0.31576362 0.2104982
1654.0 4953.0 0.0 66.0 1.0 1077.3745 0.1837091 0.112509094 0.2656855
1660.0 4596.0 0.0 47.0 0.0 2671.1472 -0.20274545 0.1982909 0.19044992
1663.0 4487.0 0.0 21.0 0.0 1337.1068 -0.26445454 0.5415273 0.08413721
1668.0 4789.0 0.0 47.0 1.0 397.33057 0.040200002 0.60810906 0.18904147
1675.0 4892.0 0.0 68.0 1.0 1864.4258 0.098654546 0.11816363 0.27555385
1699.0 4709.0 0.0 39.0 1.0 1209.8821 -0.039945453 -0.019654546 0.16058299
1711.0 5139.0 0.0 49.0 2.0 1720.6782 0.31721818 0.31332728 0.20373961
1714.0 4298.0 0.0 46.0 2.0 674.01965 -0.40743637 0.2636182 0.19168219
1774.0 5437.0 0.0 50.0 5.0 724.4143 0.6153455 0.23867273 0.2188432
1816.0 5201.0 0.0 41.0 5.0 943.1564 0.40832728 0.3467091 0.18539672
1830.0 4840.0 0.0 31.0 4.0 2558.7544 0.021581817 0.32536364 0.14071201
1879.0 5436.0 0.0 44.0 8.0 724.4143 0.6153455 0.20772727 0.20527595
1916.0 5076.0 0.0 51.0 11.0 2417.666 0.24005455 0.20229091 0.24549802
1921.0 4470.0 0.0 38.0 8.0 1337.1068 -0.26445454 0.015418181 0.18239675
1957.0 4834.0 0.0 43.0 11.0 2558.7544 0.021581817 0.1396909 0.2128698
1991.0 5202.0 0.0 32.0 9.0 943.1564 0.40832728 0.37765455 0.16423358
2117.0 4907.0 0.0 26.0 11.0 1864.4258 0.098654546 0.5823818 0.15064323
2124.0 4650.0 0.0 27.0 12.0 1965.4099 -0.12127272 0.007672727 0.15639469
2166.0 4889.0 0.0 43.0 21.0 1864.4258 0.098654546 0.025327273 0.25281498
2315.0 4533.0 0.0 26.0 19.0 536.23145 -0.18374544 0.10718182 0.18167369
2334.0 5079.0 0.0 27.0 21.0 2417.666 0.24005455 0.29512727 0.1915207
2392.0 4652.0 0.0 26.0 23.0 1965.4099 -0.12127272 0.069563635 0.19289559
2816.0 4488.0 0.0 6.0 17.0 1337.1068 -0.26445454 0.5724727 0.09372076
2826.0 4833.0 0.0 2.0 7.0 2558.7544 0.021581817 0.10872727 0.039215688
3228.0 4668.0 0.0 0.0 30.0 1965.4099 -0.12127272 0.5647273 0.12096107
3251.0 5080.0 0.0 0.0 49.0 2417.666 0.24005455 0.32607272 0.19407375
